100
1099 17767
763 39017
11635 56401
9402 37962
1081 7977
439 22714
2859 16882
8086 43491
29 124
505 2132
50 8987
5163 52711
108 3958
9679 63790
5971 49715
5094 50377
14490 64358
1088 20493
664 47665
898 12451
3525 24869
564 45317
3489 43096
3802 33886
2304 48555
6599 53453
5480 30363
1323 9300
601 50190
4860 63604
3429 62753
5997 36316
1601 6768
3544 51262
6545 49729
6270 44540
405 33342
4430 50814
10760 47594
8930 54123
5393 55183
938 22620
294 17132
4405 54331
7555 39474
8988 36156
6587 35308
1374 32731
5466 63746
5360 30974
784 16635
12628 57002
7725 34299
14782 60881
6080 61445
10581 46972
754 25973
799 5566
3371 35977
10220 44892
4329 46760
10749 46607
5127 22449
5051 58609
6267 32261
151 3063
1117 34025
1193 33338
2737 36810
1820 19147
809 12616
4169 18276
1024 4639
3230 16158
725 18204
4098 50532
677 11028
3295 15962
5433 45406
11515 54137
6948 33083
15001 61028
9590 51729
40 4361
14170 57514
8195 55724
2072 24091
301 43183
661 32307
616 3811
13269 54856
4403 49941
2629 20411
1289 33826
45 9402
1436 12413
3019 14091
9172 44058
2262 36735
4403 23288
