42
1 70
3 81 24 50
2 52 28
6 43 8 62 74 75 76
5 10 10 1 10 10
6 100 2 3 50 99 1
4 8 7 10 55
4 6 9 94 31
2 1 2
6 11 2 8 50 2 100
6 1 2 3 50 99 100
6 99 13 67 32 5 17
5 1 2 3 4 5
5 25 36 21 45 11
6 20 6 96 50 28 20
3 18 48 73
6 1 2 91 92 93 94
5 85 64 2 11 37
3 45 35 26
6 1 100 100 100 100 100
5 5 61 50 21 57
4 31 28 27 44
6 1 2 25 50 99 100
4 1 5 5 5
6 100 99 98 3 2 1
2 12 52
6 44 63 30 1 9 53
6 1 2 90 91 92 93
1 57
6 1 2 10 10 10 10
6 1 1 100 100 100 100
2 2 2
6 25 97 50 57 85 94
1 65
5 66 84 39 2 91
3 1 2 3
3 73 14 91
6 100 55 33 77 22 1
1 100
4 1 2 5 10
5 32 30 98 76 92
6 100 100 100 100 100 100
