3699085070
131065984045
22
6544993574
23344693680
0
84850147296
38352535300
39129899185
3871720755
113288367720
6368064
871537810
7101355260
878621055
6538460614
7213197904
2640
1
692432440
249167416500
7404215580
44617728480
33503068597
5380439360
2479079834
12516785204
31
5740659484
499500
12656388360
248668915500
250166416500
10202643440
2390094476
4
44590281701
635171173
24673670350
64346490
128433985056
2568223470
45
1
66466
81508708664
274799876
232017076860
