111
15
4 14 14 11 14 14 14 0 6 0 6 13 0 3 9
6
5 2 5 4 2 0
14
8 0 11 2 1 10 8 0 13 4 9 13 9 9
6
5 5 0 1 0 4
13
9 12 0 12 11 0 11 3 9 12 12 2 2
12
6 7 11 2 9 6 2 0 0 5 11 1
7
6 2 6 5 0 4 0
16
13 2 12 10 14 15 7 8 11 4 5 3 6 9 1 0
4
1 3 1 0
3
1 1 0
8
7 5 6 6 0 0 0 6
4
1 3 0 1
14
9 10 0 5 6 6 2 6 12 13 6 9 1 0
13
7 11 1 12 6 3 0 2 6 0 0 5 9
7
2 0 5 4 0 6 2
3
2 2 1
6
5 0 5 0 0 4
9
1 5 6 8 3 0 8 0 1
2
0 1
8
1 6 5 0 6 0 7 0
10
3 3 9 9 6 4 7 5 2 2
13
8 12 0 12 12 0 12 10 12 0 0 12 0
16
0 0 0 0 0 0 0 0 0 0 0 0 0 0 0 0
14
13 0 0 0 0 0 0 2 5 6 6 9 4 0
3
1 1 2
9
8 0 1 1 8 4 2 6 1
2
1 0
16
14 0 0 0 0 0 0 0 0 0 0 0 0 0 15 0
6
5 2 0 0 1 1
15
2 8 14 12 5 7 1 0 10 4 9 12 7 9 11
3
1 0 1
10
9 9 7 2 5 7 0 0 3 0
16
1 2 3 4 5 6 7 8 9 10 11 12 13 14 15 0
13
8 0 7 10 3 1 1 2 4 0 2 4 4
5
4 3 4 0 0
13
8 3 0 12 6 3 7 5 12 7 7 2 0
4
1 3 0 2
7
6 0 3 0 0 1 5
5
3 0 1 4 2
12
11 9 11 0 10 9 9 3 2 3 7 0
11
8 2 3 0 7 10 0 0 10 1 7
14
13 10 1 8 1 12 4 0 7 12 6 13 10 0
6
1 3 0 5 2 0
5
4 2 4 4 0
5
2 4 4 4 0
4
0 1 2 1
14
7 9 0 0 7 10 3 13 9 13 5 1 6 2
4
3 2 3 0
16
7 0 1 0 0 3 0 0 0 0 0 0 0 0 0 0
16
15 14 13 12 11 10 9 8 7 6 5 4 3 2 1 0
15
8 6 3 4 0 7 13 9 14 0 0 14 4 2 0
6
4 5 5 5 3 3
15
9 2 13 0 2 12 2 0 0 6 12 13 8 14 9
12
11 10 0 0 10 8 0 1 1 8 3 5
4
3 0 1 0
6
5 5 5 5 0 2
14
1 13 0 0 0 4 4 11 13 13 2 0 13 0
2
0 0
4
1 0 3 2
14
13 0 5 4 13 8 13 6 10 0 12 5 6 0
4
2 2 1 3
7
6 6 6 5 0 4 3
5
4 0 0 0 0
3
0 2 0
12
6 7 5 11 5 1 3 1 1 7 0 0
14
2 3 3 13 13 8 2 0 7 5 13 7 13 11
15
1 14 3 6 7 7 7 5 4 4 0 10 14 4 11
5
4 4 3 1 0
4
3 3 3 0
13
2 4 7 12 0 4 9 12 0 0 0 4 4
4
3 0 1 2
15
7 9 1 0 14 2 1 1 5 14 1 4 3 5 3
12
11 0 10 0 10 9 4 6 11 4 5 0
3
1 2 0
12
2 3 4 5 11 7 11 0 1 6 11 7
14
13 8 11 9 9 10 9 3 9 0 0 0 11 0
15
8 13 12 0 9 2 1 1 13 0 0 12 13 14 4
14
13 6 0 5 8 12 5 2 3 5 2 13 7 8
5
4 3 4 4 0
7
6 0 0 1 1 4 0
6
5 4 4 0 5 0
16
12 14 9 4 5 0 0 11 9 11 7 4 9 4 11 4
15
14 12 13 14 8 0 12 11 12 3 5 2 0 14 0
6
5 0 5 0 1 0
3
1 2 1
5
4 0 4 0 1
6
2 5 1 5 3 0
13
12 11 8 11 2 6 8 4 0 2 12 0 0
6
3 5 3 0 0 0
7
4 5 5 5 6 2 3
16
7 8 9 12 5 0 11 3 6 13 1 2 10 14 15 4
6
1 4 0 0 5 3
15
4 0 6 14 3 13 14 12 9 12 1 8 4 7 0
12
10 4 1 11 2 0 0 9 5 11 1 3
6
1 2 3 4 5 2
4
2 2 1 0
14
13 9 4 11 13 0 1 0 3 7 0 6 3 11
3
2 0 0
6
4 4 3 0 5 2
9
8 4 7 8 0 0 4 8 1
9
5 8 1 1 8 8 1 4 2
16
15 0 1 2 3 4 5 6 7 8 9 10 11 12 13 14
10
9 6 5 0 3 9 0 0 5 4
14
1 13 13 5 7 0 0 1 7 10 7 4 13 5
3
2 2 0
3
2 1 0
12
8 0 1 6 10 8 3 3 1 4 3 5
7
6 0 5 0 5 1 5
15
13 9 12 8 0 4 14 13 12 3 8 5 6 6 5
11
7 4 3 0 9 7 2 10 6 0 0
5
4 2 4 2 0
