1000
237178289
822647744
2068968
297484320
205386743
96783208
652805463
35
24
1196
0
3103
499609145
703851616
489700007
14884
210504217
7200
0
657239485
7140
5
112594051
256996107
458059245
512907687
132426675
156265080
581883665
68603976
70716
268435456
130223370
239341733
5077020
877427600
555824674
1
378286624
10987042
912191125
6
2050
690914420
904675131
30
943093762
4
1
801937806
455673152
965
0
403161038
58127520
190
676780400
277
661838298
93026007
1
