1
0
23795007
499000001
1
0
0
1
1
0
0
16666
1
500000000
13459
33313045
970
500000000
131050
656
1
0
0
0
2000000000
127473
111043486
0
412
2000000000
124993751
1
0
1000000000
83
0
1000000000
1000000000
91
19901
0
1
0
23
1
1
2
1
0
291198
11487204
6462
0
2000000000
0
6
1
175485
3174603
58764
999387258
1
11
999393349
26
0
10
0
0
0
23809510
124923622
0
2
6
0
1000000000
2
1
3
31231009
2500
2
249848727
0
0
1
0
0
333131316
6151
7
79365
1000000000
0
83333333
0
555
0
249848337
142770828
0
0
1999999999
166565137
1000000000
144
793650
2
0
166565128
0
60
2
74193
4
1490
8
12979166
333333333
2000
47590128
23809523
776968
0
0
2
499694268
0
6
685927
166666
0
1
0
7
11714
0
0
24420
1
2
2210
2
1896385
66666666
2
1405619
0
1
0
1000000000
107670
2
666666666
499975001
999385864
0
0
199878997
0
2
499695566
2
0
1771978
55555555
333333333
0
0
999391798
0
1000000000
0
2
2
886774
111043695
999389769
0
228
1
0
0
2000000000
1
0
76875861
4